0 0.839161 0.700380 0.085470 0.113269
2 0.644911 0.450358 0.060606 0.127083
0 0.645170 0.567081 0.055944 0.073211
0 0.564750 0.531166 0.039627 0.053872
0 0.615644 0.697617 0.052836 0.107744
0 0.539886 0.433782 0.019425 0.033152
0 0.595288 0.420138 0.012474 0.030389
0 0.602680 0.436154 0.012474 0.034496
0 0.580504 0.398373 0.018018 0.026283
0 0.552091 0.396319 0.016632 0.027104
0 0.527605 0.396730 0.012012 0.021355
0 0.541696 0.374143 0.007854 0.012320
0 0.560638 0.373733 0.005082 0.014784
0 0.523909 0.355253 0.006468 0.012320