2 0.588034 0.544571 0.037607 0.106363
0 0.639316 0.732985 0.071795 0.118519
0 0.673660 0.602075 0.052836 0.084261
0 0.743978 0.602075 0.070707 0.070448
0 0.611500 0.497784 0.035742 0.041440
0 0.632479 0.457035 0.035742 0.029008
0 0.590328 0.415346 0.019724 0.017143
0 0.569289 0.427034 0.022354 0.018701
0 0.540799 0.439891 0.023230 0.021039
0 0.533129 0.403268 0.017532 0.021039
0 0.571262 0.387684 0.007890 0.014805
0 0.577836 0.400541 0.009643 0.021818
0 0.542552 0.384177 0.010958 0.010909
2 0.565344 0.370541 0.020600 0.036623